proj:       99
zone:       0
north:      760180.12411493
south:      -415819.87588507
east:       1550934.46411531
west:       -448265.53588469
cols:       357
rows:       210
e-w resol:  5600
n-s resol:  5600
top:        1.000000000000000
bottom:     0.000000000000000
cols3:      357
rows3:      210
depths:     1
e-w resol3: 5600
n-s resol3: 5600
t-b resol:  1
